path,ethnicity,gender,pred,label
./RealVideo-RealAudio/Caucasian (American)/women/id03781/00113.mp4,Caucasian (American),women,0.008112238,0
./RealVideo-RealAudio/Caucasian (American)/women/id00145/00043.mp4,Caucasian (American),women,0.038544152,0
./RealVideo-RealAudio/Caucasian (American)/women/id01216/00025.mp4,Caucasian (American),women,0.013449775,0
./RealVideo-RealAudio/Caucasian (American)/women/id00385/00439.mp4,Caucasian (American),women,0.15531619,0
./RealVideo-RealAudio/Caucasian (American)/women/id01217/00005.mp4,Caucasian (American),women,0.010147242,0
./RealVideo-RealAudio/Caucasian (American)/women/id00841/00078.mp4,Caucasian (American),women,0.123701125,0
./RealVideo-RealAudio/Caucasian (American)/women/id01223/00255.mp4,Caucasian (American),women,0.06432936,0
./RealVideo-RealAudio/Caucasian (American)/women/id00190/00072.mp4,Caucasian (American),women,0.011064159,0
./RealVideo-RealAudio/Caucasian (American)/women/id00575/00092.mp4,Caucasian (American),women,0.103271514,0
./RealVideo-RealAudio/Caucasian (American)/women/id03707/00055.mp4,Caucasian (American),women,0.014974836,0
./RealVideo-RealAudio/Caucasian (American)/women/id00025/00025.mp4,Caucasian (American),women,0.13937353,0
./RealVideo-RealAudio/Caucasian (American)/women/id00100/00028.mp4,Caucasian (American),women,0.23747885,0
./RealVideo-RealAudio/Caucasian (American)/women/id01248/00005.mp4,Caucasian (American),women,0.06395238,0
./RealVideo-RealAudio/Caucasian (American)/women/id01091/00236.mp4,Caucasian (American),women,0.8747081,0
./RealVideo-RealAudio/Caucasian (American)/women/id00431/00039.mp4,Caucasian (American),women,0.033742264,0
./RealVideo-RealAudio/Caucasian (American)/women/id02464/00002.mp4,Caucasian (American),women,0.026548196,0
./RealVideo-RealAudio/Caucasian (American)/women/id00752/00340.mp4,Caucasian (American),women,0.034779187,0
./RealVideo-RealAudio/Caucasian (American)/women/id01231/00015.mp4,Caucasian (American),women,0.14204086,0
./RealVideo-RealAudio/Caucasian (American)/women/id01075/00160.mp4,Caucasian (American),women,0.46440974,0
./RealVideo-RealAudio/Caucasian (American)/women/id00097/00162.mp4,Caucasian (American),women,0.028426703,0
./RealVideo-RealAudio/Caucasian (American)/women/id00428/00017.mp4,Caucasian (American),women,0.37566733,0
./RealVideo-RealAudio/Caucasian (American)/women/id00381/00030.mp4,Caucasian (American),women,0.10894817,0
./RealVideo-RealAudio/Caucasian (American)/women/id00098/00004.mp4,Caucasian (American),women,0.63000005,0
./RealVideo-RealAudio/Caucasian (American)/women/id00618/00195.mp4,Caucasian (American),women,0.014306295,0
./RealVideo-RealAudio/Caucasian (American)/women/id00462/00143.mp4,Caucasian (American),women,0.055422816,0
./RealVideo-RealAudio/Caucasian (American)/women/id01245/00028.mp4,Caucasian (American),women,0.1179529,0
./RealVideo-RealAudio/Caucasian (American)/women/id03556/00043.mp4,Caucasian (American),women,0.17829613,0
./RealVideo-RealAudio/Caucasian (American)/women/id00842/00043.mp4,Caucasian (American),women,0.059761487,0
./RealVideo-RealAudio/Caucasian (American)/women/id01004/00028.mp4,Caucasian (American),women,0.118616566,0
./RealVideo-RealAudio/Caucasian (American)/women/id00616/00305.mp4,Caucasian (American),women,0.09218314,0
./RealVideo-RealAudio/Caucasian (American)/women/id01227/00052.mp4,Caucasian (American),women,0.014502203,0
./RealVideo-RealAudio/Caucasian (American)/women/id00398/00016.mp4,Caucasian (American),women,0.019798143,0
./RealVideo-RealAudio/Caucasian (American)/women/id01005/00028.mp4,Caucasian (American),women,0.052865937,0
./RealVideo-RealAudio/Caucasian (American)/women/id00272/00195.mp4,Caucasian (American),women,0.22368099,0
./RealVideo-RealAudio/Caucasian (American)/women/id00418/00052.mp4,Caucasian (American),women,0.0042367885,0
./RealVideo-RealAudio/Caucasian (American)/women/id01238/00037.mp4,Caucasian (American),women,0.33903784,0
./RealVideo-RealAudio/Caucasian (American)/women/id00383/00171.mp4,Caucasian (American),women,0.043441795,0
./RealVideo-RealAudio/Caucasian (American)/women/id00458/00072.mp4,Caucasian (American),women,0.013092806,0
./RealVideo-RealAudio/Caucasian (American)/women/id03696/00160.mp4,Caucasian (American),women,0.09764151,0
./RealVideo-RealAudio/Caucasian (American)/women/id03605/00048.mp4,Caucasian (American),women,0.14391908,0
./RealVideo-RealAudio/Caucasian (American)/women/id00261/00048.mp4,Caucasian (American),women,0.045790378,0
./RealVideo-RealAudio/Caucasian (American)/women/id00180/00206.mp4,Caucasian (American),women,0.06093967,0
./RealVideo-RealAudio/Caucasian (American)/women/id00291/00052.mp4,Caucasian (American),women,0.18139058,0
./RealVideo-RealAudio/Caucasian (American)/women/id00848/00028.mp4,Caucasian (American),women,0.055068936,0
./RealVideo-RealAudio/Caucasian (American)/women/id00680/00110.mp4,Caucasian (American),women,0.04614582,0
./RealVideo-RealAudio/Caucasian (American)/women/id00835/00195.mp4,Caucasian (American),women,0.065738976,0
./RealVideo-RealAudio/Caucasian (American)/women/id00231/00037.mp4,Caucasian (American),women,0.022596914,0
./RealVideo-RealAudio/Caucasian (American)/women/id00555/00005.mp4,Caucasian (American),women,0.76713413,0
./RealVideo-RealAudio/Caucasian (American)/women/id01225/00300.mp4,Caucasian (American),women,0.16483505,0
./RealVideo-RealAudio/Caucasian (American)/women/id02466/00136.mp4,Caucasian (American),women,0.063330226,0
